{
  "advancedEditorSelectedIdentifier" : "ProjectBrowser",
  "openSceneRelativePaths" : [
    "PhysicsPlayground.usda"
  ],
  "recentIdentifiers" : {
    "A10EA290-87F0-40C8-AF6C-473D4615150D" : [

    ],
    "D4A673C6-41BA-4D3E-8FE3-B014BF143B9C" : [

    ]
  },
  "sceneCameraHistory" : {
    "7C47133F-116A-45E9-A795-0BB27FFD4F67" : [
      {
        "date" : 767631890.362166,
        "title" : "Untitled",
        "transform" : [
          1,
          0,
          0,
          0,
          0,
          0.7071069,
          -0.70710677,
          0,
          0,
          0.70710677,
          0.7071069,
          0,
          0.69667244,
          2.167469,
          1.4901116,
          1
        ]
      }
    ],
    "A10EA290-87F0-40C8-AF6C-473D4615150D" : [
      {
        "date" : 770041215.849017,
        "title" : "Untitled",
        "transform" : [
          0.0516084,
          -1.170429e-07,
          -0.9986674,
          0,
          -0.4975169,
          0.8670732,
          -0.02571042,
          0,
          0.86591774,
          0.49818078,
          0.044748206,
          0,
          1.1714082,
          0.67636204,
          -0.06450987,
          1
        ]
      },
      {
        "date" : 770041151.889939,
        "title" : "Untitled",
        "transform" : [
          0.051608518,
          -5.1917038e-08,
          -0.99866736,
          0,
          0.25561288,
          0.966689,
          0.013209351,
          0,
          0.96540076,
          -0.255954,
          0.04988943,
          0,
          0.76941144,
          0.12678288,
          -0.10205022,
          1
        ]
      },
      {
        "date" : 770041147.310251,
        "title" : "Untitled",
        "transform" : [
          0.051608518,
          -5.1917038e-08,
          -0.99866736,
          0,
          0.25561288,
          0.966689,
          0.013209351,
          0,
          0.96540076,
          -0.255954,
          0.04988943,
          0,
          0.6960815,
          -0.11764015,
          0.06294861,
          1
        ]
      },
      {
        "date" : 770041127.493442,
        "title" : "Untitled",
        "transform" : [
          0.051608518,
          -5.1917038e-08,
          -0.99866736,
          0,
          0.25561288,
          0.966689,
          0.013209351,
          0,
          0.96540076,
          -0.255954,
          0.04988943,
          0,
          2.7840471,
          -0.2389952,
          0.18875669,
          1
        ]
      },
      {
        "date" : 770041116.209669,
        "title" : "Untitled",
        "transform" : [
          0.04964266,
          -5.1917038e-08,
          -0.998767,
          0,
          0.2556384,
          0.966689,
          0.012706182,
          0,
          0.965497,
          -0.25595397,
          0.047989048,
          0,
          1.4988744,
          0.16026363,
          0.056140482,
          1
        ]
      },
      {
        "date" : 770040845.71437,
        "title" : "Untitled",
        "transform" : [
          0.04964266,
          -5.1917038e-08,
          -0.998767,
          0,
          0.2556384,
          0.966689,
          0.012706182,
          0,
          0.965497,
          -0.25595397,
          0.047989048,
          0,
          1.4773993,
          0.14033279,
          0.38189572,
          1
        ]
      },
      {
        "date" : 770040839.809033,
        "title" : "Untitled",
        "transform" : [
          0.04964266,
          -5.1917038e-08,
          -0.998767,
          0,
          0.2556384,
          0.966689,
          0.012706182,
          0,
          0.965497,
          -0.25595397,
          0.047989048,
          0,
          1.4389307,
          -0.020088345,
          0.30023003,
          1
        ]
      },
      {
        "date" : 770040837.855065,
        "title" : "Untitled",
        "transform" : [
          0.04964266,
          -5.1917038e-08,
          -0.998767,
          0,
          0.2556384,
          0.966689,
          0.012706182,
          0,
          0.965497,
          -0.25595397,
          0.047989048,
          0,
          1.4378242,
          -0.02462478,
          0.29829556,
          1
        ]
      },
      {
        "date" : 770040822.807855,
        "title" : "Untitled",
        "transform" : [
          0.04964266,
          -5.1917038e-08,
          -0.998767,
          0,
          0.2556384,
          0.966689,
          0.012706182,
          0,
          0.965497,
          -0.25595397,
          0.047989048,
          0,
          0.94280005,
          0.101075366,
          0.015958551,
          1
        ]
      },
      {
        "date" : 770036082.483348,
        "title" : "Untitled",
        "transform" : [
          0.04964266,
          -5.1917038e-08,
          -0.998767,
          0,
          0.2556384,
          0.966689,
          0.012706182,
          0,
          0.965497,
          -0.25595397,
          0.047989048,
          0,
          0.93047494,
          0.04868813,
          -0.015483201,
          1
        ]
      }
    ],
    "A61F17CB-42F9-4291-B14A-477FBF5D0F74" : [
      {
        "date" : 767875699.621339,
        "title" : "Untitled",
        "transform" : [
          0.1405916,
          -1.528036e-08,
          -0.99006784,
          0,
          -0.84452987,
          0.5219074,
          -0.11992499,
          0,
          0.5167237,
          0.8530022,
          0.07337581,
          0,
          0.056702007,
          0.49403542,
          0.044207435,
          1
        ]
      },
      {
        "date" : 767875691.393321,
        "title" : "Untitled",
        "transform" : [
          -0.0010527731,
          -1.5196596e-08,
          -0.9999995,
          0,
          -0.20584516,
          0.9785845,
          0.0002166401,
          0,
          0.9785842,
          0.20584525,
          -0.0010302183,
          0,
          0.43363222,
          0.1434504,
          -0.07982458,
          1
        ]
      },
      {
        "date" : 767875021.045448,
        "title" : "Untitled",
        "transform" : [
          0.523297,
          -1.5201778e-08,
          -0.8521504,
          0,
          -0.8358584,
          0.19460699,
          -0.5132923,
          0,
          0.16583444,
          0.9808814,
          0.10183726,
          0,
          0.074102305,
          0.4552217,
          -0.047633033,
          1
        ]
      }
    ],
    "D4A673C6-41BA-4D3E-8FE3-B014BF143B9C" : [
      {
        "date" : 768410862.249808,
        "title" : "Untitled",
        "transform" : [
          1,
          0,
          0,
          0,
          0,
          0.7071069,
          -0.70710677,
          0,
          0,
          0.70710677,
          0.7071069,
          0,
          0,
          2.3954363,
          2.3954365,
          1
        ]
      }
    ]
  },
  "sceneViewportBackgroundColors" : {

  },
  "selectedSceneRelativePath" : "PhysicsPlayground.usda"
}